0.8774141318496443
0.6577151600077672
0.9878459447440159
0.5128057716804586
0.540634029469019
0.893241392591872
0.84862388944852
0.6371208082151225
0.630296984311689
0.8285247693188325
0.17677834226589684
0.13052466418279596
0.5316992550638835
0.7574906747119802
0.23680364057032421
0.9987577103372355
0.6354162251257456
0.2817419434873133
0.7838604338066268
0.9441783300725792
0.029098680220127737
0.3377851691876702
0.7848449979118954
0.7508117539125336
0.4186094874128018
0.8028872576635728
0.5312806391285605
0.11806859844281914
0.5532180243986863
0.4952369839581263
0.7485828870993214
0.32777280201658354
0.8672843110371308
0.9770481756779552
0.6874503713966216
0.37070700090404285
0.1530241063347325
0.6596234112677775
0.7671668229342905
0.9767422630377077
0.44491892640803365
0.5680799867241808
0.2588027875408626
0.01964662967687858
0.22244904739412819
0.9999511239957005
0.659350914342559
0.8254902835825242
0.6376532633571278
0.40220660439545497
