0.1044245959596487
0.46379371326134455
0.6708583684733869
0.30678334973525434
0.9679659111510607
0.9450141330902548
0.3891871061185179
0.1304661863883675
0.6825893300632165
0.13434453089331966
0.12366612507839458
0.38095022191488725
0.680569791692428
0.9868208813330154
0.3119631876580303
0.6634923804589746
0.841766194727872
0.216878982084159
0.07627275327961247
0.4189598462003553
0.5316185755638043
0.23566337110320124
0.44088228348078473
0.35575805517012304
0.9147190050726748
0.4449901562538947
0.5220452114839718
0.3478873167341411
0.7514579881231852
0.350006651271602
0.6582720696668957
0.3755376673884502
0.5785487432913341
0.37286418414024236
0.004163897610950484
0.23510424996728674
0.07827904012659037
0.9612638377546405
0.4302221163168932
0.6077869856667614
0.6957396809818989
0.6894837467586774
0.9594278129393834
0.6844042952268075
0.5996074666938177
0.2057326293704328
0.5444880298139934
0.7668721573950453
0.2486287018890515
0.5698850501383563
