0.6808569406447513
0.05995887966794844
0.3819725697414451
0.04349288613848401
0.3008044428491985
0.9266423298871133
0.8657142064677643
0.6117045074996539
0.7724483024616047
0.9681713728082334
0.12762150210424672
0.3018237403318068
0.9031083271231558
0.6975090448276475
0.48654504970499934
0.2772112017060022
0.30710187662726085
0.8540708650614327
0.1930281371423591
0.31438515246443643
0.7359856821056747
0.26534111104221003
0.801089342153037
0.8536823649464514
0.35408605018886463
0.7074499444296253
0.19793659664356067
0.906064098879715
0.4732451147635284
0.33872092501715556
0.48635961234655367
0.571734260846974
0.792984716668705
0.7269947468351922
0.1763257653638144
0.10314527473836976
0.8416124311865962
0.5517765202516002
0.8441481521536778
0.39431722226891186
0.30554587768393504
0.38051475513843847
0.4551521872027019
0.4142340594744842
0.11894721238043438
0.881838050945226
0.8614725330964622
0.9557632711156495
0.033640977951934437
0.19244732386919416
