0.4776899922340003
0.09424701558283877
0.43102666225536346
0.1161380950655766
0.6890414373012504
0.522875153415916
0.47671660481654143
0.1647889162531091
0.5468949941760304
0.7106503141334862
0.559260379052106
0.2901735946221754
0.5057197577852819
0.5491836560010783
0.8725420418247797
0.1350040498253512
0.7393732875060718
0.4447508975215826
0.5220896605486852
0.7003679890262671
0.0827030640237062
0.7527190452476108
0.0805244527039668
0.7486319687180056
0.218967548840177
0.2818587159064855
0.4007607876633067
0.5444240022859412
0.2576834216406011
0.3369199891919785
0.037325091345595585
0.005920035607873242
0.5169286253013916
0.9110219486531678
0.8118351370507173
0.170542735269954
0.462507600776611
0.14703660265556617
0.4296000504001585
0.07288234696279505
0.29265420808554066
0.07343734262729307
0.6876324317007357
0.8114144716719511
0.21858701724986107
0.3992969063510373
0.7782504822875813
0.12446423468231649
0.9164679905985897
0.158498077741826
