0.5608090036579126
0.28074725280058255
0.2418506679887622
0.49353499556752556
0.5927436279904817
0.7954519000519237
0.4328986197348972
0.8184709472104484
0.10830519488737178
0.7320137276989648
0.672211592867926
0.96093521535001
0.046058349902348916
0.017931490822089224
0.6502481316814102
0.6408588079684081
0.8235772199512036
0.19161931573375113
0.9795553793174401
0.2060432890664633
0.5460512455761025
0.8509004644343989
0.5303721058676121
0.026874686543296167
0.5172135171113003
0.2410183350526688
0.6240149327329434
0.34559952249216574
0.030299063796230485
0.5085878528227242
0.83484405579953
0.9098131311770289
0.4276251842613984
0.4832188035516961
0.7142988341833872
0.2972399146358442
0.056215541752132836
0.9301042071414419
0.59981493119043
0.3507361027009699
0.9259471317683508
0.49985398434714645
0.27661170547218816
0.5954661152658663
0.02461976213336059
0.3936931237486827
0.9395493473416758
0.5183595914680327
0.09126246902715329
0.4500327202946056
0.647609284632186
0.9613316280159905
0.573679141040987
0.16983515717946562
0.288136479289669
0.7190900486060313
0.9813345118103889
0.475016140760281
0.9694255345438038
0.7709402989852183
0.5450131309523295
0.9298510786372276
0.9190961755875333
0.6277351198696587
0.4910456180586221
0.815496711040848
0.8535461214541511
0.12161013483932948
0.4524568718474341
0.01721030791774103
0.21203348115217613
0.2895577761385204
0.4049554336333602
0.2697079380218793
0.6331509173582154
0.3729259441823508
0.24603263127559272
0.786740976796302
0.7920493259086677
0.8751831934111557
0.08566964203862337
0.9461315347714309
0.25747717877516474
0.5065832605812923
0.05810844816044669
0.7722669595298368
0.7317584772122117
0.5162748465673618
0.16687491925892806
0.4263306245314683
0.8233764239328755
0.6982389069335827
0.038224974133169165
0.25434486984818894
0.04593130520445865
0.6290744553679491
0.3777500195716259
0.25536633735178327
0.560836356927871
0.963229288523641
