0.7595038816234647
0.14272515863898505
0.1641155911216926
0.44309953363938115
0.08971712252461728
0.9347396074351432
0.5999717898384188
0.7432314623469832
0.7116866201273586
0.14980495461191778
0.5133643893970081
0.4271143994314912
0.716952083166927
0.3224624287321264
0.7004996220182912
0.9620131282490779
0.8705603667984183
0.20609512212655612
0.6778435428777596
0.9062734428472526
0.11100831311374737
0.0686880718549866
0.15726506163236365
0.06034394464384207
0.6749408623456463
0.6820146909933348
0.5102723929802634
0.5692373857431152
0.17904278992177103
0.9459810657871042
0.5215104491276471
0.4178536546524947
0.7039728134329434
0.679781456031917
0.8816333798556741
0.10022478359304421
0.7580915826819733
0.1863025824262119
0.531725818147612
0.14192873074012347
0.5616472125514435
0.1785030552733432
0.07987005903673128
0.534150093011209
0.9743619332893667
0.056867657872033184
0.8244684157285472
0.619994578516867
0.2929484103465061
0.988016327108537
0.34939948495690576
0.472838882320578
0.263599309086602
0.08683227714384045
0.542043089942003
0.47016785380837023
0.35893442107364626
0.6852656289198453
0.44487653925161785
0.4877079756785425
0.6438839615000048
0.9965251115610811
0.34261543489741686
0.2978637364329715
0.6623225238835619
0.6616175299979118
0.4557204747781425
0.11200105576160535
0.6211370627608177
0.006205267090220068
0.5002172063240589
0.6254718946179069
0.6838922047964845
0.01635242582546581
0.5843626260275323
0.00527049114728062
0.9360627761417878
0.20097650874641604
0.9855446160285343
0.4920035976080077
0.27786942597436903
0.5696817775941322
0.4487488557523719
0.9775934119209899
0.5439832675521215
0.7310117025325944
0.5417054007836131
0.08553676824192802
0.3931852319727953
0.2665918150606651
0.8070072427329823
0.4262674867101067
0.7281743430199411
0.003996458418696114
0.4250872328000206
0.9571388416655348
0.2905357699690292
0.5016801421169731
0.403565379772052
0.9226923911833446
